2002   0.958274    12.022932   288
2003   0.962025    12.925657   340
2004   1.006800    -1.049425   154
2005   0.951657    15.142911   313
2006   0.981118    0.164459    9
2007   0.928320    30.025070   419
2008   0.921694    28.744911   367
2009   0.922315    35.030095   451
2010   0.962466    18.565979   495
2011   0.957871    23.662243   561
2012   1.062564    -20.002919  320
2013   0.915665    42.925100   509
2014   0.986426    7.142493    526
2015   0.949977    32.086148   641
2016   0.984857    8.608068    568
